1
0.6366197724
0.0000250340
3
0.0592695032
0.0000629425
5
0.0210830649
0.0000789165
7
0.0107217341
0.0000920296
9
0.0064773480
0.0001010895
11
0.0043331568
0.0001120567
13
0.0031012374
0.0001220703
15
0.0023288088
0.0001339912
17
0.0018127925
0.0001459122
19
0.0014510734
0.0001580715
21
0.0011877419
0.0001709461
23
0.0009900977
0.0001850128
25
0.0008379786
0.0001990795
27
0.0007184046
0.0002140999
29
0.0006227125
0.0002300739
31
0.0005449411
0.0002460480
33
0.0004808796
0.0002629757
35
0.0004274850
0.0002799034
37
0.0003825140
0.0002980232
39
0.0003442836
0.0003180504
41
0.0003115110
0.0003368855
43
0.0002832046
0.0003581047
45
0.0002585883
0.0003778934
47
0.0002370474
0.0004000664
49
0.0002180902
0.0004220009
51
0.0002013195
0.0004460812
53
0.0001864113
0.0004689693
55
0.0001730999
0.0004940033
57
0.0001611651
0.0005190372
59
0.0001504233
0.0005450249
61
0.0001407208
0.0005710125
63
0.0001319276
0.0005979538
65
0.0001239335
0.0006248951
67
0.0001166447
0.0006539822
69
0.0001099804
0.0006818771
71
0.0001038714
0.0007131100
73
0.0000982576
0.0007429123
75
0.0000930869
0.0007739067
77
0.0000883139
0.0008060932
79
0.0000838988
0.0008389950
81
0.0000798067
0.0008709431
83
0.0000760069
0.0009050369
85
0.0000724721
0.0009400845
87
0.0000691782
0.0009748936
89
0.0000661040
0.0010120869
91
0.0000632302
0.0010480881
93
0.0000605398
0.0010859966
95
0.0000580175
0.0011239052
97
0.0000556497
0.0011620522
99
0.0000534239
0.0012021065
101
0.0000513290
0.0012409687
103
0.0000493550
0.0012819767
105
0.0000474927
0.0013229847
107
0.0000457338
0.0013659000
109
0.0000440709
0.0014081001
111
0.0000424970
0.0014519691
113
0.0000410060
0.0014960766
115
0.0000395921
0.0015408993
117
0.0000382501
0.0015859604
119
0.0000369751
0.0016329288
121
0.0000357629
0.0016789436
123
0.0000346093
0.0017259121
125
0.0000335107
0.0017740726
127
0.0000324635
0.0018239021
129
0.0000314647
0.0018730164
131
0.0000305113
0.0019240379
133
0.0000296005
0.0019741058
135
0.0000287300
0.0020260811
137
0.0000278972
0.0020780563
139
0.0000271002
0.0021319389
141
0.0000263369
0.0021851063
143
0.0000256053
0.0022408962
145
0.0000249038
0.0022950172
147
0.0000242308
0.0023510456
149
0.0000235846
0.0024080276
151
0.0000229640
0.0024659634
153
0.0000223676
0.0025229454
155
0.0000217941
0.0025830269
157
0.0000212423
0.0026419163
159
0.0000207113
0.0027029514
161
0.0000201999
0.0027630329
163
0.0000197073
0.0028250217
165
0.0000192324
0.0029029846
167
0.0000187745
0.0029680729
169
0.0000183328
0.0030310154
171
0.0000179064
0.0030961037
173
0.0000174948
0.0031599998
175
0.0000170972
0.0032250881
177
0.0000167130
0.0032908916
179
0.0000163416
0.0033578873
181
0.0000159825
0.0034248829
183
0.0000156350
0.0034940243
185
0.0000152988
0.0035619736
187
0.0000149733
0.0036320686
189
0.0000146581
0.0037009716
191
0.0000143527
0.0037729740
193
0.0000140568
0.0038440228
195
0.0000137699
0.0039169788
197
0.0000134917
0.0039889812
199
0.0000132219
0.0040628910
201
0.0000129601
0.0041360855
203
0.0000127060
0.0042109489
205
0.0000124593
0.0042860508
207
0.0000122197
0.0043630600
209
0.0000119869
0.0044388771
211
0.0000117608
0.0045170784
213
0.0000115409
0.0045959949
215
0.0000113272
0.0046749115
217
0.0000111194
0.0047540665
219
0.0000109172
0.0048339367
221
0.0000107205
0.0049140453
223
0.0000105291
0.0049960613
225
0.0000103427
0.0050780773
227
0.0000101613
0.0051610470
229
0.0000099846
0.0052440166
231
0.0000098124
0.0053288937
233
0.0000096447
0.0054130554
235
0.0000094812
0.0054988861
237
0.0000093219
0.0055849552
239
0.0000091665
0.0056719780
241
0.0000090150
0.0057599545
243
0.0000088672
0.0058488846
245
0.0000087230
0.0059370995
247
0.0000085823
0.0060269833
249
0.0000084450
0.0061171055
251
0.0000083110
0.0062079430
253
0.0000081801
0.0062990189
255
0.0000080523
0.0063920021
257
0.0000079274
0.0064840317
259
0.0000078055
0.0065779686
261
0.0000076863
0.0066719055
263
0.0000075699
0.0067679882
265
0.0000074560
0.0068659782
267
0.0000073448
0.0069639683
269
0.0000072359
0.0070610046
271
0.0000071295
0.0071599483
273
0.0000070255
0.0072579384
275
0.0000069236
0.0073580742
277
0.0000068240
0.0074570179
279
0.0000067265
0.0075850487
281
0.0000066311
0.0076870918
283
0.0000065377
0.0077888966
285
0.0000064463
0.0078918934
287
0.0000063568
0.0079960823
289
0.0000062691
0.0081000328
291
0.0000061832
0.0082049370
293
0.0000060991
0.0083100796
295
0.0000060167
0.0084168911
297
0.0000059359
0.0085229874
299
0.0000058568
0.0086309910
301
0.0000057792
0.0087389946
303
0.0000057031
0.0088479519
305
0.0000056286
0.0089559555
307
0.0000055555
0.0090670586
309
0.0000054838
0.0091769695
311
0.0000054135
0.0092899799
313
0.0000053445
0.0094010830
315
0.0000052769
0.0095150471
317
0.0000052105
0.0096280575
319
0.0000051454
0.0097429752
321
0.0000050815
0.0098569393
323
0.0000050187
0.0099730492
325
0.0000049572
0.0100889206
327
0.0000048967
0.0102429390
329
0.0000048373
0.0103640556
331
0.0000047791
0.0104830265
333
0.0000047218
0.0106010437
335
0.0000046656
0.0107219219
337
0.0000046104
0.0108470917
339
0.0000045562
0.0109710693
341
0.0000045029
0.0110929012
343
0.0000044505
0.0112168789
345
0.0000043991
0.0113399029
347
0.0000043485
0.0114650726
349
0.0000042988
0.0115890503
351
0.0000042500
0.0117149353
353
0.0000042019
0.0118420124
355
0.0000041547
0.0119709969
357
0.0000041083
0.0121030807
359
0.0000040627
0.0122509003
361
0.0000040178
0.0123929977
363
0.0000039736
0.0125269890
365
0.0000039302
0.0126569271
367
0.0000038875
0.0127890110
369
0.0000038454
0.0129210949
371
0.0000038041
0.0130538940
373
0.0000037634
0.0131859779
375
0.0000037234
0.0133209229
377
0.0000036840
0.0134539604
379
0.0000036452
0.0135900974
381
0.0000036070
0.0137240887
383
0.0000035695
0.0138618946
385
0.0000035325
0.0139999390
387
0.0000034960
0.0141410828
389
0.0000034602
0.0142788887
391
0.0000034249
0.0144209862
393
0.0000033901
0.0145609379
395
0.0000033559
0.0147030354
397
0.0000033221
0.0149149895
399
0.0000032889
0.0150599480
401
0.0000032562
0.0152029991
403
0.0000032240
0.0153470039
405
0.0000031922
0.0154910088
407
0.0000031609
0.0156369209
409
0.0000031301
0.0157809258
411
0.0000030997
0.0159280300
413
0.0000030697
0.0160739422
415
0.0000030402
0.0162229538
417
0.0000030111
0.0163700581
419
0.0000029824
0.0165200233
421
0.0000029542
0.0166690350
423
0.0000029263
0.0168199539
425
0.0000028988
0.0169680119
427
0.0000028717
0.0171210766
429
0.0000028450
0.0172719955
431
0.0000028187
0.0174260139
433
0.0000027927
0.0175790787
435
0.0000027671
0.0177340508
437
0.0000027418
0.0178868771
439
0.0000027169
0.0180439949
441
0.0000026923
0.0181989670
443
0.0000026680
0.0183579922
445
0.0000026441
0.0185139179
447
0.0000026205
0.0186729431
449
0.0000025972
0.0188319683
451
0.0000025742
0.0189960003
453
0.0000025515
0.0191550255
455
0.0000025292
0.0193181038
457
0.0000025071
0.0194780827
459
0.0000024853
0.0196418762
461
0.0000024638
0.0198030472
463
0.0000024425
0.0199689865
465
0.0000024215
0.0201320648
467
0.0000024009
0.0202980042
469
0.0000023804
0.0204629898
471
0.0000023602
0.0206310749
473
0.0000023403
0.0207970142
475
0.0000023207
0.0209660530
477
0.0000023012
0.0211338997
479
0.0000022821
0.0213050842
481
0.0000022631
0.0214738846
483
0.0000022444
0.0216460228
485
0.0000022260
0.0218150616
487
0.0000022077
0.0219891071
489
0.0000021897
0.0221600533
491
0.0000021719
0.0223340988
493
0.0000021543
0.0225069523
495
0.0000021369
0.0226829052
497
0.0000021198
0.0228610039
499
0.0000021028
0.0230391026
